661 · 111. PHIL. Mssh. CONF'UTfflo ARTlCULORUM RUSTICANORUM. 662

6666661 666 666 6616666666 16616, 666 6666166 666 666 6666666 616166 61166 611 fid) 6666116616
6166616166166666 666, 6666 666611, 666666 tet 6661616. 1116 616666 6666, 6666666166
166 6666, 6661666 666 66666 6666116, 166616 6666 6666166 aud) 6661616666 666 6666666666
1666 66 66611616, 666 61666, 666 6666666 666 666 666 6661611166666661666611666 66666.
1661666, 66 6666 166 6661166, 666666 6111 et 3661666616 6661661166 66666611 666666.
61666 666 6666666, 61161 666 6661 6666, §Bab 66 mat 66 666 6666616166, 66666 66661116, 666
66 666166 66661, 166 611666, 66 66 fut 666116 66616 1166166, 666 61166 666616 6661166166, 666
661666, [egen 66 66 66666 elne 66, 666 66 611616 661661 66611 6111 66666 661666 66666, 66116616
66 666 6616666166, 6666616 66616 666166, 116616 666 61661666 161666 666, 666 16666 666
1116 6166 66 ’66611666 666 66666 6661666666 6616661666, bet 61666 611 6616611666 61666616,
1666666, 6616666 6616 666 6666616, 666 66616, 66661166616666161, 666 66 61166 6666166166
66 666666666661616, 6666666616, 66616 wib: 66166 66666 616166 66 66666. Do 66 1166166
66 6661611166, 66666666661666666661666661 61666 666 6616161 166, 666 666 ben 6616666
66166. 1116 16666616, 6666666166 616 16666 616666 666 661 61666 geben 6111, 6661661616
661666, 6666661666, 666666616166661666 6616666 6666666611 666 66666 ges 6666, 6661)
66616616 666, 66661666166666616666, 66 661 6666666, 661616 6. ulfo 666 66 6666 666 616
et 66 66 366666, 16 6116 6666 6666666 16666 6616 66 666 66 66166, 66 6661661616 611666 6166,
166666, 66616666666661666, 6666666616, ι3166 6616 et 616 66 616, 66 6616666 666 6166
66 66 11661, mit 666 66666166 666 666 6611661 summ 66116 666 66666 66166 16616 6161666616
666. 1166 66616 16661 666666 66666, 6666 1666666, 6666661661, 66 6666616 161166 661666
66 666 bet 661661 6166166666, 61166 666 6661 666 6666 6616 bet 6666, 666 616 66666, 1116
666616 16111 666 1661. 1116 6616666616666611, 66666166 666 66666 666666 166111, 6116166666
66616 66611616 6666 616611 661, moes 666 666, 6166 [o 611 61116 geben, 616 6666616666, 66
666 et 666166 666661, 61666666 666 66 et 66661616611616666, 61116666166666616
6661, 6666666661. 66 6666 fid) 666 66 666616 666666 66 6611 1666. 11116 661666 666666 6666,
6661116 66 [61666 6611 6166166, 6166666 666 666 6616 616, 66666616666661666666616.
666 6661666 6666666 6166616666661666, nicht 616 66661 6661166 666 661116 66 ben 16666
61666 6666 6161161 666 8661666 866166, [nubet 66666611, 1616666116666666166666661616 6161 ’
666 6666 1616661616. 61666 66 6666 66166166, 6666666616661666
66 6666 fid> 66 11166, ὶΙΙ666 611 61666 666 616661666116666666, 666 66 6111666, 66 6. 6661
6616666666 661661 666666 6666 6666166666, 161661, 666166 666 11111666 61666, 6666666616
66 66 6616661 6666, 666 611 6116611666 6166. 666 666 61166, 666666666166616666, 666 66 66
66 61666 166 abet 666 611, 66 6666 666 66616 Ι 616 666 11161 6661, 616, 6666666161661666116
stent! 66 6661661666, 66616666666616666 616666, 666 661666616616666666616. 66 [oh-
61666 6666 gottw 6116 66, 666 66616616 66 66616 66 aud) 66 16666 661666616166666, 666666
66666. 616 6666 66 611616 661 66 661666 666 6661111166 666 66666 [eet 66611, 66 6666 66 1661
get 61166 666 166666 66666 16666, 1616166 fid> 3¹¹ 61666 666 6666661 666616 1666666 1166 6111
666 66116111 66611166 666 66 616666661666661 61166666166166666, 666 6616 mort 66616666
66 666 6666661166 666666 66661. 6616666161 6166 16666] 666 66 66666666 666 666 116616, 66
6666 geben 6666, 66666 blut 66 6661666, 6666 61666 666 6666666161,·666161 66666616 616
· 66 6611611166 66666, 666 666 66616166, 666 666 glut! 66 666666161616666, 6666666666·
6166666 6666 6666166 666666 6116, 666 666661 666 66666 66666 1661616 geben 666, 66 66 616
6666 666616 61666 6616166, 66616611 611666 61666666 66 gotta 666116666616666, 6666 et
ι 6666, 16166 66661666 6616, 66 fid) 666 66 661 166661 1. 6116666616 166, 61661116 61666
66 616 6666666 66666 6666666666 61616616 6666, &a 666 66661, fou 61666 66 6666616

661 666 666 66 ber 661, 66 fit 1666666 6666666 66616. , ’

ww...- ⁴-

 

