1v. 1111. 11111. 1111111111 11 1111111111 111111, ,
= 111111111111111111111111111111. -

flacc narratio 111111111111 gumiae 11111111 separatim prodiit 1111 11111111

1111111 1111111. 1111111111 11 1111111111 11 111 111111 1110111111, 111111 1111111111 1111111, 1111
nesius, 111111 1111111111 18111111 2111111111, 1111111 11 111 111111 111 111111, 1111111111111111111,
1111 1111 11111111, 111111111111111111111111. 111111111111111111111111111 1111111111. (111111-
cta effigie enini Abelem occidentis). 1.1. et 1. 111, 111111 sign„ 41111. 111 num„ 1. *)

*J 1111 11111111 in m collectione 111.

*—

· 1111111111111111 11111111, 11111111 1111111111111111111,

11111111 11111111 1111111011

nie 1111111) 11 1111111111 1111111111, 111111111111111111111 11111111, 111111 111111 31111111 11
11111111ῑί1) 11111111 111, 111111 111 1111ς ἲἓξὲξ)1ε1ω1ἑ1ώ1ἷὶ11111, (111111 1111111111 1111, 8111111

1111111111111111111 111 1111 [1111111111 111 111 mad) 1111 111111111111 1111111111 [111 11111111
111111111111111111111 111 1111111111. 1111 111111111111111111111111, 111 111 11111111, 111

es 111 ein ,11111111 gom& mm gemm! 111 81111111111111111, 111, 11 11111111 11111111
111 1111111111 111 1111111111 11111111, 1111 11111 W 1111 θῑῐῐ 1111111111 111111ῡῦ111, 1111111111),
11111111 111 1191111111, 111111111111111, 11111111 1111111111111111111111, 11111

1111111111, 1111111111, 311111111111111111111 ‘t 111111 5511111 11111111ῑῖ1 ”emuncta 111 Ilm 11*

’ ’ 11111,11111111,1111111111111111111 11111111111111111111111111111111111111

1111111111, 1111111 1111111111 et bet 1111111111, 1111111, 111111111111111111,.111111-11111111111111
1111111111 111111, 111 111 ὓ111111111111 11111111) 1 111,1111111111111111111111111111111111111111111
111 111111 1111111 11111111 11 1111111 (1111111111 1911111111 11511 {hub 111 111 11111 11111111 &first
111 111119 11111111, 31111) 11111 111111111111 111111 111ξῖ1111 bam 111Θο11 1111111111 {Bnb
1111111111 111111111111, 111) 111 φηςι, 5011qu 111 11111111 1111111111 111 11111111 1111111 11111111
111, 111111111111111111111 00 „mmm ΝΜ 111111 11111111 1111111. 31111111 11111111 11, hurd)

11111111, 1111111111 1111111111) gemtem „3155th 111111 1111, 1111111 1111111, 111111111111111111
1111111111)11111111111111111111. 1111511 W 111111ῡῆ111 111 111), {einen vtum

11 11111 ist 111 111111111111 11111, 11111111 11111 1111111111, »1111111111
π1111111111 1111111, 1111111111 11 3111111 1111111 111 11111111 111 11111111, obet 11111111 11111
11111111, 1111111111, 111111111111111111) 1111111, 5111111111·

Ψ ”5¹¹⁰ b⁰⁶5) 101111111111111111111 15111111, 111, 1111 1111 1111111111 [eines 1811111 1111111 1111
”⁰¹¹ 1111 1811111111311111111111111111111111 11111111, 11111 in 111 1111111111111111111111

 

